0 1 
0 1 
0 1 
0 1 
0 1 
0 1 
0 1 
0 1 
0 1 
0 1 
0 1 
0 1 
0 1 
0 1 
0 1 
0 1 
0 1 
1 0 
1 0 
1 0 
1 0 
1 0 
1 0 
1 0 
1 0 
1 0 
1 0 
1 0 
1 0 
1 0 
1 0 
1 0 
1 0 
1 0 
1 0 
1 0 
1 0 
1 0 
1 0 
1 0 
1 0 
1 0 
1 0 
1 0 
1 0 
1 0 
1 0 
1 0 
1 0 
1 0 
1 0 
1 0 
1 0 
1 0 
1 0 
1 0 
1 0 
1 0 
1 0 
1 0 
1 0 
1 0 
1 0 
1 0 
1 0 
1 0 
1 0 
1 0 
1 0 
1 0 
1 0 
1 0 
1 0 
1 0 
1 0 
1 0 
1 0 
1 0 
1 0 
1 0 
1 0 
1 0 
1 0 
1 0 
1 0 
1 0 
1 0 
1 0 
1 0 
1 0 
1 0 
1 0 
1 0 
1 0 
1 0 
1 0 
1 0 
0 1 
0 1 
0 1 
0 1 
1 0 
0 1 
0 1 
0 1 
0 1 
0 1 
0 1 
0 1 
0 1 
0 1 
0 1 
0 1 
0 1 
0.307692 0.692308 
0 1 
0 1 
0 1 
0 1 
0 1 
0 1 
0 1 
0 1 
0 1 
0 1 
0 1 
0 1 
0 1 
0 1 
0 1 
0 1 
0 1 
0 1 
0 1 
0 1 
0 1 
0 1 
0 1 
0 1 
0 1 
0 1 
0 1 
0 1 
0 1 
0 1 
0 1 
0 1 
0 1 
0 1 
0.0769231 0.923077 
0 1 
0 1 
0 1 
0 1 
0 1 
