0 -1000 -1000 -1000 -1000 -1000 -1000 -1000 -1000 -1000 -1000 -1000 -1000 -1000 -1000 -1000 -1000 -1000 -1000 -1000
0 0 -1000 -1000 -1000 -1000 -1000 -1000 -1000 -1000 -1000 -1000 -1000 -1000 -1000 -1000 -1000 -1000 -1000 -1000
0.6931472 1.098612 0 -1000 -1000 -1000 -1000 -1000 -1000 -1000 -1000 -1000 -1000 -1000 -1000 -1000 -1000 -1000 -1000 -1000
1.791759 2.397895 1.791759 0 -1000 -1000 -1000 -1000 -1000 -1000 -1000 -1000 -1000 -1000 -1000 -1000 -1000 -1000 -1000 -1000
3.178054 3.912023 3.555348 2.302585 0 -1000 -1000 -1000 -1000 -1000 -1000 -1000 -1000 -1000 -1000 -1000 -1000 -1000 -1000 -1000
4.787492 5.613128 5.4161 4.442651 2.70805 0 -1000 -1000 -1000 -1000 -1000 -1000 -1000 -1000 -1000 -1000 -1000 -1000 -1000 -1000
6.579251 7.475339 7.392648 6.59987 5.164786 3.044522 0 -1000 -1000 -1000 -1000 -1000 -1000 -1000 -1000 -1000 -1000 -1000 -1000 -1000
8.525161 9.477922 9.482807 8.820109 7.5807 5.774552 3.332205 0 -1000 -1000 -1000 -1000 -1000 -1000 -1000 -1000 -1000 -1000 -1000 -1000
10.6046 11.60445 11.67949 11.11668 10.019 8.419801 6.302619 3.583519 0 -1000 -1000 -1000 -1000 -1000 -1000 -1000 -1000 -1000 -1000 -1000
12.80183 13.84174 13.97482 13.4921 12.50367 11.05521 9.15377 6.768493 3.806662 0 -1000 -1000 -1000 -1000 -1000 -1000 -1000 -1000 -1000 -1000
15.10441 16.17906 16.36132 15.94487 15.04425 13.71243 11.96891 9.806426 7.185387 4.007333 0 -1000 -1000 -1000 -1000 -1000 -1000 -1000 -1000 -1000
17.50231 18.60752 18.83225 18.47193 17.64406 16.40624 14.78536 12.78668 10.39421 7.562681 4.189655 0 -1000 -1000 -1000 -1000 -1000 -1000 -1000 -1000
19.98721 21.11965 21.38159 21.0697 20.30351 19.14373 17.62196 15.75088 13.52711 10.92899 7.907284 4.356709 0 -1000 -1000 -1000 -1000 -1000 -1000 -1000
22.55216 23.70909 24.00405 23.73456 23.02161 21.92807 20.48874 18.72106 16.6291 14.20381 11.41961 8.224432 4.51086 0 -1000 -1000 -1000 -1000 -1000 -1000
25.19122 26.37036 26.69493 26.46302 25.7967 24.76039 23.39114 21.70962 19.72471 17.43483 14.82702 11.87287 8.518193 4.65396 0 -1000 -1000 -1000 -1000 -1000
27.89927 29.0987 29.45004 29.25179 28.62679 27.64065 26.33202 24.72387 22.82833 20.64865 18.17935 15.40467 12.29408 8.79179 4.787492 0 -1000 -1000 -1000 -1000
30.67186 31.88995 32.26567 32.09782 31.50982 30.56815 29.31269 27.76808 25.94876 23.86124 21.5049 18.87145 15.94303 12.68751 9.047821 4.912655 0 -1000 -1000 -1000
33.50507 34.74041 35.13849 34.9983 34.4437 33.54185 32.33358 30.84476 29.09152 27.08271 24.82098 22.30291 19.51813 16.44715 13.05661 9.288412 5.030438 0 -1000 -1000
36.39545 37.64681 38.0655 37.95063 37.42641 36.56053 35.39452 33.95524 32.26008 30.3196 28.13879 25.71751 23.05024 20.12505 16.92116 13.40422 9.515322 5.141664 0 -1000
39.33988 40.60619 41.04398 40.95243 40.45602 39.62285 38.49502 37.10015 35.45661 33.57624 31.46575 29.12734 26.55881 23.75306 20.69686 17.36848 13.73273 9.730027 5.247024 0
